## had the publisher send a string: "", "a", "aa", "aaa", ...

<<4, 0, 0, 0, 0, 0, 0, 0>>
<<5, 0, 0, 0, 1, 0, 0, 0, 97>>
<<6, 0, 0, 0, 2, 0, 0, 0, 97, 97>>
<<7, 0, 0, 0, 3, 0, 0, 0, 97, 97, 97>>
<<8, 0, 0, 0, 4, 0, 0, 0, 97, 97, 97, 97>>
<<9, 0, 0, 0, 5, 0, 0, 0, 97, 97, 97, 97, 97>>
<<10, 0, 0, 0, 6, 0, 0, 0, 97, 97, 97, 97, 97, 97>>
<<11, 0, 0, 0, 7, 0, 0, 0, 97, 97, 97, 97, 97, 97, 97>>
<<12, 0, 0, 0, 8, 0, 0, 0, 97, 97, 97, 97, 97, 97, 97, 97>>
<<13, 0, 0, 0, 9, 0, 0, 0, 97, 97, 97, 97, 97, 97, 97, 97, 97>>
<<14, 0, 0, 0, 10, 0, 0, 0, 97, 97, 97, 97, 97, 97, 97, 97, 97, 97>>
<<15, 0, 0, 0, 11, 0, 0, 0, 97, 97, 97, 97, 97, 97, 97, 97, 97, 97, 97>>
<<16, 0, 0, 0, 12, 0, 0, 0, 97, 97, 97, 97, 97, 97, 97, 97, 97, 97, 97, 97>>
<<17, 0, 0, 0, 13, 0, 0, 0, 97, 97, 97, 97, 97, 97, 97, 97, 97, 97, 97, 97, 97>>
<<18, 0, 0, 0, 14, 0, 0, 0, 97, 97, 97, 97, 97, 97, 97, 97, 97, 97, 97, 97, 97,
  97>>
<<19, 0, 0, 0, 15, 0, 0, 0, 97, 97, 97, 97, 97, 97, 97, 97, 97, 97, 97, 97, 97,
  97, 97>>
<<20, 0, 0, 0, 16, 0, 0, 0, 97, 97, 97, 97, 97, 97, 97, 97, 97, 97, 97, 97, 97,
  97, 97, 97>>
<<21, 0, 0, 0, 17, 0, 0, 0, 97, 97, 97, 97, 97, 97, 97, 97, 97, 97, 97, 97, 97,
  97, 97, 97, 97>>

# because strings are varible length, a 4-byte length field is given
